138
115
52
117
426
136
521
202
152
288
114
229
275
513
304
156
113
425
111
168
145
372
121
51
123
273
146
605
204
129
306
311
402
506
203
134
239
307
144
689
285
411
272
522
212
282
611
141
147
135
139
122
102
142
507
371
324
225
105
219
432
302
422
251
109
683
688
410
246
211
417
112
103
406
218
116
401
221
150
232
332
74
217
418
165
222
701
167
603
149
176
125
316
684
407
431
248
754
252
751
223
783
561
373
511
562
238
108
101
510
642
254
441
172
408
308
412
653
445
633
278
448
173
421
705
374
447
313
236
501
350
321
301
602
230
703
237
110
81
704
271
256
524
333
317
340
247
228
556
207
303
314
155
484
438
624
612
118
327
133
170
71
159
405
473
280
180
439
706
330
181
320
175
443
323
130
177
283
249
328
691
791
169
82
554
427
319
792
128
708
436
274
73
104
655
710
143
151
1594
208
781
140
132
782
72
616
253
709
126
692
